00 000. 0.· 04
(704060οε 0000000000 0003000 40,00,00 0000004 000000
00000400000 0οΒ4 3003030000·ιο 4 4444 00400 0000 3000 ..a
,30003 400000 600 300300 04· 0000400000 444 0 30 0.·040 s 4 300000
0000000030, 00 0060 04000 0000030004 4444 00044 0000003 44
00300000000000,000 0000 000, 00 0000 00000, 6 040000 4444
’003300000οε Νο00 0000 00003, 00 0430000000ογ 00000000 ,
000000· 0300000030, 004000 44 40000 3 ’00000004 000003 s 444

F 1 441 3000300040 0400 0044 00 4444 0 00 3 300000
(00000000 0040000 00, 0040300000 444 444.. 444) )se44 000000000οψ,
000000300ον0 40 0030 030000 00000.

000000 000 04040400 0 0000, 000 js44444⁴4⁶444444444 Το0οῑ000030
003000 0 ,0030000003ου 4 s 06000444 4444 444444 0000 30 ’ -ssssfflffi
000 0300003000 000οε 80003000000000000000000 4030000000-

0000 ,03000000 000000 000000 003000 00 ‚44 0004000 03000000000000Ι

30000 0000000000 000000000000030000,00 0000000000·οα 3 .
0030004 0300000400 30004 0060000300 000. Βο0000300000300000000

00000000 0 6000 00 00 00 000. 00000 0300003000 000004 0030 ‚. ¹
00000000, 000 00000 030000. 00000040 444¹ 4ffi4 4444444444444444
Βο30000,3000 0300 ’00000 00000 000 000004 0040 3000 000000 300

0000000οΓ ,6 0000000000 00000003 040000000οἷ 003· 00000000. Nam

0000 04 3000 00 0300030 44 004 0004000400 00030 00, 004 004 4000

300000 00003000 0000000000, 0000000000 0000000000 3000000000 3000-

444.E4444 030004 4444444 4444,g4444444444¹4 44444444
0000003000 ’,000 000000 000003 3040000000 0000 030000000300,0’ 4444
300000000003000000,3003303400000003303 4444444444'4444
00 00οο0000000 00, 3000 00οΤ000000000004000 000000-
00300000030000000 :44 0030000 000 0300003000000003000
0000000000οτοο 300006000000000300000000000000030.

4414 004 444444444444 0000000000 844 ff&
4444444444444, 444444444: 0000000000000000, ’
0000000 0003000000, 444 000000 forte bonum 4444 000000
1003400300000000 ·

, ‘ 441 00010 000000 000000 4444444444444444444444· T⁴²¹⁵¹ffi

 

